1. compile:
mpicc cannon.c -o cannon -lm

2. run:
mpirun -np 4 cannon 4

3. result:
random matrix A :
     1315052160          559212096         1485667328         1674476160
     1945859200         2082552320          288742720           77896448
     1783082752         2031010176          982615168         1238977408
     1182516224         1771407872          348426176          985029760

random matrix B :
     1678268672         1653089536         1383259392         1773652224
     1288636544         1471867136           89086632           72512832
     2143842048          784387456         1668899072         2056844544
     1695324160          532969696          929850176         1663478400

Matrix C = A * B :
8951447967898796032    5054768863456002048    5905317523598868480    8214236416591265792
6700406267480899584    6549922708056965120    3431469962294722560    4325767365473075200
9816766367737577472    7368061063947878400    5439351092817166336    7391941906747359232
6684196167552598016    5360374272105644032    3290953475776577536    4581056648134524928

